10001
10002
10003
10004
10005
10006
10007
10008
10009
10010
10012
10013
10015
10016
10017
10018
10019
10020
10021
10022
10023
10025
10027
10028
10029
10030
10031
10032
10033
10034
10035
10039
10040
10042
10043
10044
10046
10047
10048
10049
10052
10054
10055
10056
10057
10058
10061
10062
10063
10064
10065
10067
10068
10069
10071
10074
10077
10078
10080
10081
10083
10085
10086
10087
10088
10089
10091
10096
10098
10099
10100
10101
10103
10104
10106
10107
10109
10110
10111
10112
10113
10114
10115
10119
10120
10121
10122
10124
10125
10126
10127
10128
10134
10135
10136
10137
10140
10142
10144
10145
10146
10147
10148
10149
10150
10151
10153
10155
10156
10157
10158
10161
10162
10163
10164
10165
10166
10167
10168
10171
10172
10173
10174
10175
10176
10178
10180
10181
10182
10183
10184
10186
10187
10188
10189
10190
10191
10193
10196
10197
10200
10201
10202
10203
10204
10207
10208
10209
10210
10211
10212
10213
10214
10215
10216
10217
10219
10220
10221
10223
10224
10225
10227
10229
10230
10231
10232
10237
10238
10239
10241
10242
10243
10245
10246
10247
10248
10249
10250
10252
10253
10254
10255
10257
10258
10260
10262
10263
10264
10265
10266
10267
10269
10270
10272
10274
10276
10280
10287
10288
10289
10290
10291
10292
10293
10294
10295
10296
10299
10300
10304
10305
10306
10308
10309
10310
10311
10312
10313
10314
10316
10317
10318
10319
10320
10321
10322
10323
10327
10328
10330
10333
10336
10338
10339
10340
10341
10342
10344
10345
10346
10347
10350
10351
10352
10353
10354
10357
10360
10362
10366
10367
10368
10371
10372
10374
10375
10376
10378
10379
10380
10381
10382
10383
10384
10386
10387
10388
10389
10390
10391
10393
10394
10396
10397
10399
10400
10403
10404
10406
10407
10408
10410
10413
10414
10415
10416
10419
10421
10422
10424
10425
10426
10427
10428
10429
10430
10431
10432
10433
10435
10436
10439
10440
10441
10442
10444
10445
10446
10447
10448
10450
10452
10453
10454
10455
10456
10457
10458
10459
10460
10461
10462
10463
10465
10467
10468
10469
10470
10471
10472
10475
10476
10478
10480
10484
10485
10487
10488
10492
10494
10496
10498
10500
10502
10505
10506
10507
10508
10509
10512
10513
10515
10517
10518
10520
10521
10522
10523
10525
10526
10528
10529
10530
10531
10532
10533
10534
10535
10536
10537
10539
10542
10543
10545
10547
10550
10551
10552
10554
10555
10557
10558
10560
10561
10563
10564
10565
10566
10567
10568
10569
10570
10571
10573
10574
10575
10579
10580
10581
10582
10584
10585
10586
10588
10591
10593
10594
10595
10596
10597
10598
10600
10601
10603
10604
10605
10606
10607
10608
10609
10610
10612
10613
10615
10616
10617
10619
10623
10624
10625
10627
10628
10629
10631
10632
10633
10634
10635
10637
10639
10640
10643
10646
10647
10648
10649
10651
10652
10653
10654
10655
10660
10661
10663
10667
10668
10669
10670
10671
10672
10673
10674
10676
10677
10679
10680
10681
10682
10685
10687
10688
10689
10690
10691
10693
10697
10698
10701
10704
10707
10708
10709
10711
10714
10718
10719
10720
10721
10722
10724
10725
10726
10728
10730
10731
10732
10733
10735
10737
10739
10742
10743
10744
10745
10747
10748
10749
10751
10752
10753
10754
10755
10757
10758
10759
10761
10762
10764
10765
10766
10767
10768
10769
10770
10771
10772
10775
10776
10777
10778
10781
10784
10786
10787
10788
10790
10791
10793
10794
10796
10798
10800
10801
10802
10803
10804
10805
10807
10808
10810
10812
10813
10814
10816
10817
10818
10819
10820
10821
10822
10823
10825
10828
10829
10830
10832
10833
10834
10836
10837
10838
10839
10840
10841
10843
10845
10846
10847
10848
10853
10854
10855
10856
10860
10862
10864
10866
10867
10868
10869
10870
10871
10873
10876
10877
10878
10880
10881
10886
10887
10889
10890
10892
10893
10894
10895
10896
10898
10900
10901
10903
10904
10909
10910
10912
10914
10918
10920
10921
10922
10923
10924
10925
10926
10927
10929
10931
10932
10933
10934
10935
10936
10937
10938
10939
10940
10942
10943
10945
10946
10948
10950
10951
10952
10954
10955
10956
10958
10959
10960
10961
10962
10964
10965
10967
10968
10969
10970
10971
10972
10973
10974
10975
10979
10980
10981
10982
10986
10987
10988
10989
10991
10993
10996
10998
11000
11001
11002
11003
11004
11005
11006
11007
11009
11012
11013
11014
11015
11016
11017
11018
11019
11020
11021
11023
11024
11025
11026
11027
11028
11029
11034
11036
11038
11041
11042
11043
11044
11045
11046
11047
11048
11049
11050
11053
11054
11056
11058
11060
11061
11064
11065
11066
11067
11068
11069
11070
11072
11073
11074
11075
11077
11079
11080
11081
11082
11083
11084
11086
11087
11088
11089
11090
11091
11092
11093
11094
11096
11098
11099
11100
11101
11102
11104
11105
11106
11107
11108
11109
11113
11114
11119
11120
11121
11122
11123
11124
11125
11128
11129
11130
11131
11132
11134
11135
11136
11137
11138
11140
11141
11142
11145
11149
11150
11151
11152
11154
11157
11162
11165
11166
11167
11168
11169
11170
11171
11173
11174
11175
11176
11177
11179
11181
11182
11183
11186
11187
11188
11190
11191
11192
11194
11195
11197
11198
11199
11201
11202
11204
11209
11212
11213
11214
11215
11216
11217
11218
11220
11221
11222
11225
11226
11227
11228
11229
11230
11231
11232
11233
11234
11235
11236
11237
11238
11239
11240
11241
11242
11243
11245
11246
11247
11248
11249
11250
11252
11256
11257
11258
11260
11261
11262
11263
11264
11265
11266
11268
11269
11270
11271
11273
11274
11276
11278
11279
11280
11281
11282
11284
11285
11286
11287
11288
11290
11291
11292
11293
11294
11295
11296
11297
11298
11299
11300
11301
11302
11304
11305
11307
11308
11309
11310
11311
11313
11314
11315
11316
11317
11319
11321
11322
11323
11325
11326
11327
11330
11331
11332
11333
11334
11336
11339
11340
11342
11343
11347
11348
11349
11350
11351
11352
11355
11356
11357
11358
11359
11360
11361
11362
11364
11365
11366
11367
11369
11370
11371
11372
11373
11374
11375
11376
11377
11378
11379
11380
11381
11382
11385
11389
11390
11392
11394
11395
11396
11397
11399
11400
11401
11402
11403
11405
11406
11408
11409
11410
11411
11412
11413
11414
11415
11416
11417
11418
11419
11420
11421
11422
11424
11425
11426
11427
11428
11429
11430
11432
11433
11434
11435
11437
11438
11439
11440
11441
11446
11447
11448
11449
11450
11452
11455
11457
11458
11460
11462
11463
11464
11465
11467
11468
11469
11471
11472
11473
11474
11475
11476
11477
11478
11479
11480
11481
11482
11485
11486
11487
11488
11489
11490
11492
11494
11496
11497
11498
11499
11502
11503
11505
11506
11507
11508
11510
11512
11513
11515
11517
11518
11519
11520
11522
11523
11524
11525
11526
11528
11530
11531
11532
11533
11535
11536
11537
11538
11540
11541
11542
11543
11545
11546
11547
11548
11550
11553
11556
11557
11558
11559
11561
11562
11563
11565
11566
11568
11569
11570
11571
11573
11574
11576
11577
11580
11581
11583
11584
11585
11587
11588
11589
11590
11591
11592
11595
11596
11598
11600
11602
11604
11605
11606
11608
11610
11611
11615
11616
11617
11618
11619
11621
11622
11623
11625
11626
11627
11628
11630
11631
11633
11634
11635
11637
11639
11640
11641
11642
11643
11644
11645
11646
11647
11648
11649
11650
11651
11652
11653
11655
11656
11658
11659
11660
11665
11666
11667
11668
11669
11670
11675
11676
11677
11680
11681
11682
11683
11684
11685
11686
11687
11689
11690
11691
11692
11694
11695
11697
11699
11701
11702
11703
11704
11705
11706
11707
11708
11709
11710
11711
11712
11714
11715
11716
11717
11718
11721
11722
11724
11725
11728
11730
11731
11732
11733
11734
11737
11739
11741
11743
11744
11745
11746
11747
11749
11750
11751
11752
11753
11754
11755
11756
11758
11759
11760
11761
11764
11765
11766
11767
11768
11769
11770
11772
11773
11775
11776
11778
11779
11780
11781
11782
11785
11786
11788
11789
11791
11792
11795
11796
11799
11800
11801
11802
11803
11804
11806
11807
11808
11810
11811
11812
11813
11814
11816
11819
11822
11823
11825
11826
11827
11829
11831
11833
11834
11835
11836
11838
11839
11840
11841
11842
11843
11846
11848
11849
11850
11851
11852
11853
11854
11855
11857
11858
11859
11860
11861
11864
11865
11866
11867
11868
11869
11872
11875
11876
11877
11878
11879
11880
11882
11884
11885
11887
11888
11889
11890
11891
11893
11896
11897
11900
11902
11907
11910
11911
11912
11914
11915
11916
11918
11919
11920
11922
11923
11924
11925
11926
11929
11930
11931
11933
11934
11935
11936
11937
11938
11939
11940
11941
11943
11945
11946
11947
11948
11950
11952
11953
11955
11958
11959
11960
11961
11963
11965
11966
11968
11971
11972
11974
11975
11976
11977
11978
11979
11980
11981
11984
11986
11988
11989
11990
11992
11993
11996
12001
12002
12003
12004
12005
12007
12008
12009
12010
12011
12013
12014
12015
12016
12018
12020
12021
12022
12023
12025
12026
12027
12028
12029
12030
12032
12034
12035
12036
12037
12038
12039
12040
12041
12042
12043
12044
12045
12049
12050
12051
12052
12053
12054
12056
12057
12058
12059
12061
12062
12063
12064
12066
12070
12071
12074
12075
12080
12081
12082
12085
12086
12087
12090
12091
12092
12094
12097
12098
12099
12101
12102
12103
12105
12106
12107
12108
12109
12110
12111
12112
12113
12114
12115
12118
12119
12120
12121
12122
12125
12126
12128
12129
12130
12131
12132
12135
12137
12138
12139
12141
12142
12143
12144
12145
12147
12148
12149
12150
12151
12152
12153
12155
12156
12157
12160
12161
12163
12166
12168
12169
12171
12172
12173
12175
12176
12177
12178
12180
12181
12185
12187
12188
12189
12191
12193
12194
12196
12197
12199
12200
12201
12203
12205
12207
12208
12209
12210
12211
12212
12213
12214
12215
12217
12218
12220
12221
12222
12223
12226
12227
12228
12229
12230
12231
12233
12234
12235
12236
12237
12238
12239
12240
12241
12242
12243
12244
12246
12247
12248
12249
12250
12251
12252
12253
12254
12256
12257
12258
12260
12261
12262
12263
12264
12266
12267
12273
12274
12275
12276
12278
12281
12283
12285
12286
12287
12288
12289
12290
12291
12293
12294
12295
12296
12297
12298
12299
12301
12302
12305
12306
12307
12308
12311
12312
12314
12315
12316
12320
12321
12323
12325
12326
12327
12328
12329
12331
12333
12334
12339
12340
12341
12342
12343
12344
12345
12348
12349
12350
12353
12354
12355
12356
12358
12361
12362
12363
12365
12366
12367
12368
12369
12370
12371
12375
12376
12377
12378
12379
12380
12381
12382
12383
12384
12386
12387
12388
12389
12390
12391
12393
12394
12396
12397
12401
12402
12403
12404
12406
12410
12411
12412
12413
12414
12415
12416
12419
12420
12421
12427
12429
12430
12432
12433
12434
12435
12436
12437
12439
12441
12442
12443
12444
12445
12447
12448
12449
12452
12453
12454
12455
12456
12458
12460
12461
12462
12465
12467
12468
12469
12470
12471
12472
12474
12475
12477
12478
12480
12483
12484
12485
12486
12487
12488
12489
12494
12495
12496
12498
12499
12500
12501
12502
12503
12506
12508
12509
12511
12512
12513
12514
12516
12517
12519
12520
12521
12523
12525
12527
12529
12531
12532
12533
12534
12535
12536
12537
12540
12543
12544
12545
12547
12549
12550
12552
12553
12555
12556
12557
12558
12560
12561
12562
12563
12564
12565
12566
12568
12569
12570
12571
12573
12574
12575
12579
12580
12581
12582
12584
12585
12586
12587
12588
12589
12594
12595
12597
12598
12599
12600
12601
12602
12606
12607
12608
12610
12611
12612
12613
12614
12615
12616
12617
12618
12622
12623
12624
12626
12627
12628
12629
12633
12634
12635
12636
12637
12641
12642
12644
12646
12647
12648
12650
12651
12653
12657
12658
12661
12662
12663
12664
12665
12666
12667
12669
12671
12672
12674
12676
12683
12684
12685
12687
12689
12690
12692
12693
12694
12695
12696
12697
12698
12700
12701
12703
12704
12705
12707
12709
12711
12712
12713
12714
12715
12716
12720
12721
12724
12726
12727
12728
12729
12731
12732
12733
12734
12736
12737
12739
12740
12741
12742
12744
12746
12748
12749
12753
12755
12756
12759
12760
12761
12764
12766
12768
12769
12770
12771
12772
12773
12774
12775
12776
12778
12779
12781
12783
12784
12785
12786
12787
12788
12789
12790
12791
12792
12794
12795
12796
12797
12798
12800
12802
12803
12804
12805
12807
12810
12811
12812
12813
12814
12815
12817
12822
12824
12825
12826
12827
12828
12829
12830
12832
12833
12834
12837
12839
12840
12841
12842
12844
12845
12846
12848
12849
12850
12852
12853
12854
12856
12857
12858
12859
12860
12861
12862
12864
12865
12866
12867
12870
12873
12874
12875
12879
12881
12882
12883
12885
12888
12889
12891
12892
12893
12897
12898
12901
12902
12903
12904
12905
12906
12907
12908
12910
12911
12912
12914
12915
12917
12918
12919
12920
12921
12922
12923
12924
12925
12926
12928
12929
12930
12931
12933
12935
12937
12940
12941
12942
12943
12945
12946
12947
12948
12949
12950
12951
12953
12954
12956
12957
12958
12961
12962
12964
12966
12968
12969
12970
12971
12972
12973
12974
12978
12979
12980
12981
12984
12985
12987
12988
12990
12992
12994
12995
12997
12998
12999
13000
13001
13003
13005
13006
13007
13008
13009
13010
13012
13014
13015
13016
13017
13018
13019
13020
13022
13023
13028
13029
13030
13031
13032
13033
13035
13036
13038
13039
13040
13041
13042
13043
13044
13045
13046
13048
13049
13050
13053
13054
13057
13058
13060
13061
13062
13064
13066
13067
13068
13069
13070
13071
13073
13074
13075
13076
13078
13079
13081
13083
13084
13086
13087
13089
13090
13091
13094
13096
13097
13099
13100
13102
13105
13106
13107
13109
13110
13111
13113
13114
13115
13118
13121
13122
13124
13126
13127
13128
13129
13130
13133
13135
13136
13137
13138
13139
13140
13141
13145
13146
13147
13149
13151
13152
13153
13154
13157
13158
13159
13161
13162
13163
13164
13165
13166
13169
13172
13173
13177
13178
13179
13180
13181
13182
13184
13185
13186
13190
13191
13192
13193
13195
13196
13197
13199
13200
13201
13202
13203
13204
13205
13207
13208
13210
13211
13212
13214
13215
13217
13218
13220
13221
13222
13223
13224
13225
13226
13227
13230
13231
13232
13233
13235
13237
13238
13239
13240
13241
13244
13245
13246
13248
13249
13250
13251
13252
13253
13254
13255
13256
13257
13258
13259
13260
13263
13266
13268
13269
13270
13271
13272
13275
13276
13277
13278
13279
13280
13281
13282
13283
13284
13285
13286
13287
13288
13289
13290
13291
13292
13293
13294
13295
13297
13298
13299
13300
13301
13302
13303
13304
13305
13307
13308
13309
13310
13312
13316
13321
13322
13323
13325
13326
13330
13331
13333
13334
13337
13338
13340
13341
13342
13343
13345
13346
13347
13348
13349
13350
13351
13352
13353
13354
13355
13356
13361
13362
13363
13364
13365
13366
13367
13369
13371
13372
13373
13374
13375
13376
13377
13378
13379
13380
13381
13382
13383
13384
13385
13386
13387
13390
13391
13392
13394
13395
13396
13397
13398
13400
13401
13402
13403
13404
13405
13408
13410
13411
13413
13414
13416
13417
13418
13419
13420
13422
13423
13424
13425
13426
13427
13428
13429
13432
13434
13435
13436
13437
13439
13440
13444
13445
13446
13449
13451
13452
13453
13458
13460
13462
13463
13465
13466
13468
13470
13471
13472
13473
13474
13475
13476
13478
13479
13481
13482
13485
13486
13487
13488
13489
13490
13491
13492
13496
13498
13499
13502
13503
13506
13507
13508
13509
13510
13511
13513
13515
13516
13517
13518
13519
13520
13522
13524
13529
13530
13531
13532
13533
13534
13535
13537
13538
13541
13544
13545
13547
13549
13550
13551
13552
13553
13554
13555
13556
13558
13560
13561
13564
13565
13567
13568
13569
13570
13571
13573
13575
13576
13577
13578
13580
13582
13583
13585
13586
13587
13588
13589
13590
13592
13595
13596
13597
13599
13602
13603
13604
13605
13607
13609
13610
13611
13612
13613
13615
13616
13619
13620
13621
13623
13624
13626
13630
13631
13632
13634
13635
13638
13640
13641
13643
13644
13645
13646
13647
13648
13649
13651
13652
13653
13656
13657
13658
13659
13660
13661
13662
13663
13664
13665
13666
13667
13669
13670
13671
13672
13675
13676
13677
13679
13680
13681
13682
13683
13684
13685
13687
13688
13689
13691
13692
13694
13695
13696
13697
13698
13700
13703
13704
13705
13707
13709
13710
13711
13712
13713
13714
13715
13716
13717
13719
13721
13723
13726
13728
13729
13730
13731
13732
13733
13734
13735
13736
13737
13738
13740
13741
13742
13745
13746
13747
13748
13749
13752
13753
13754
13758
13759
13760
13762
13763
13764
13766
13768
13769
13770
13774
13776
13777
13778
13780
13781
13783
13784
13785
13786
13787
13788
13789
13791
13792
13795
13797
13798
13800
13801
13802
13803
13804
13806
13808
13809
13810
13811
13812
13813
13814
13815
13816
13817
13818
13819
13820
13822
13823
13824
13825
13827
13830
13831
13832
13834
13836
13837
13838
13839
13840
13841
13842
13845
13846
13847
13849
13850
13852
13853
13854
13855
13856
13857
13858
13860
13861
13863
13864
13867
13868
13871
13872
13873
13875
13876
13877
13879
13881
13882
13884
13885
13886
13887
13888
13889
13890
13891
13892
13893
13894
13896
13899
13902
13905
13907
13909
13911
13912
13913
13915
13916
13917
13918
13919
13920
13924
13925
13926
13927
13928
13929
13930
13934
13936
13937
13938
13939
13941
13942
13943
13944
13946
13948
13949
13950
13953
13954
13955
13957
13958
13959
13961
13964
13965
13971
13972
13973
13974
13975
13976
13977
13979
13980
13981
13982
13983
13985
13986
13987
13988
13989
13990
13992
13993
13995
13998
13999
14000
14003
14005
14006
14007
14008
14009
14011
14012
14013
14015
14016
14017
14018
14019
14021
14022
14024
14025
14026
14029
14030
14031
14032
14033
14034
14036
14037
14039
14040
14046
14047
14048
14050
14051
14052
14053
14055
14057
14058
14060
14061
14063
14064
14065
14066
14068
14069
14070
14071
14073
14074
14075
14076
14077
14078
14082
14083
14085
14087
14089
14090
14091
14092
14093
14094
14095
14097
14098
14102
14104
14106
14108
14109
14111
14112
14113
14114
14115
14117
14118
14120
14121
14122
14124
14127
14128
14130
14131
14133
14134
14135
14138
14139
14140
14142
14143
14144
14145
14146
14147
14148
14149
14151
14152
14153
14154
14155
14156
14157
14159
14161
14162
14164
14165
14168
14170
14171
14174
14176
14178
14179
14182
14184
14185
14186
14187
14188
14189
14190
14194
14195
14196
14197
14198
14199
14202
14203
14204
14205
14206
14210
14213
14214
14215
14216
14218
14219
14220
14221
14222
14223
14224
14225
14226
14227
14228
14230
14231
14232
14234
14235
14236
14237
14238
14239
14243
14244
14245
14247
14248
14249
14250
14251
14252
14253
14254
14255
14256
14257
14260
14261
14263
14264
14265
14267
14268
14269
14270
14271
14273
14274
14276
14277
14279
14280
14281
14282
14283
14284
14286
14287
14288
14289
14291
14292
14293
14294
14295
14296
14297
14298
14299
14300
14302
14303
14304
14308
14309
14310
14311
14312
14313
14315
14316
14317
14319
14321
14324
14326
14327
14328
14329
14330
14331
14335
14336
14337
14339
14340
14341
14342
14344
14345
14347
14348
14349
14350
14351
14352
14353
14354
14355
14357
14358
14359
14362
14363
14364
14365
14367
14368
14370
14371
14372
14375
14376
14377
14378
14379
14381
14384
14385
14388
14389
14390
14391
14393
14394
14395
14396
14397
14399
14400
14401
14402
14403
14405
14407
14408
14409
14412
14413
14414
14415
14417
14418
14419
14420
14423
14424
14426
14427
14428
14430
14431
14432
14433
14435
14436
14437
14439
14440
14441
14442
14444
14445
14448
14450
14451
14452
14453
14454
14455
14456
14457
14458
14459
14460
14461
14462
14463
14465
14466
14469
14470
14471
14473
14474
14475
14476
14479
14480
14481
14482
14484
14485
14486
14488
14489
14490
14491
14492
14493
14494
14495
14496
14497
14498
14499
14500
14501
14502
14503
14504
14505
14506
14508
14510
14511
14513
14514
14515
14516
14519
14520
14522
14523
14524
14526
14528
14529
14531
14532
14533
14534
14535
14540
14542
14543
14545
14546
14548
14549
14550
14551
14553
14554
14555
14556
14558
14559
14562
14565
14566
14567
14568
14569
14571
14573
14575
14577
14579
14581
14582
14583
14584
14585
14586
14587
14590
14591
14592
14593
14594
14596
14597
14602
14603
14604
14605
14606
14607
14609
14611
14612
14613
14615
14617
14618
14619
14620
14621
14623
14627
14631
14632
14633
14634
14635
14636
14637
14638
14639
14640
14643
14646
14647
14648
14649
14651
14652
14653
14654
14656
14657
14658
14659
14661
14662
14664
14665
14666
14667
14668
14669
14670
14671
14672
14674
14676
14677
14678
14679
14680
14681
14682
14683
14684
14688
14689
14691
14692
14693
14696
14698
14699
14700
14701
14702
14703
14704
14705
14706
14708
14710
14712
14714
14715
14716
14717
14718
14719
14721
14722
14724
14726
14727
14728
14729
14730
14732
14733
14734
14735
14736
14737
14739
14740
14741
14742
14743
14744
14745
14747
14748
14749
14750
14751
14753
14754
14755
14756
14759
14760
14761
14762
14763
14764
14766
14767
14769
14770
14771
14772
14775
14778
14779
14780
14781
14784
14785
14786
14788
14789
14790
14791
14792
14793
14795
14797
14798
14799
14800
14802
14803
14804
14805
14807
14810
14812
14813
14814
14816
14817
14819
14820
14822
14823
14824
14826
14827
14829
14830
14831
14832
14833
14836
14837
14838
14840
14842
14846
14848
14849
14851
14852
14854
14857
14858
14861
14862
14863
14866
14867
14868
14869
14870
14871
14872
14875
14877
14878
14880
14881
14882
14883
14886
14887
14888
14889
14890
14891
14892
14893
14898
14899
14900
14901
14902
14903
14904
14905
14907
14908
14910
14911
14912
14913
14914
14915
14916
14922
14923
14925
14926
14927
14928
14929
14930
14932
14933
14935
14938
14940
14941
14942
14943
14944
14945
14947
14948
14949
14950
14951
14952
14953
14955
14957
14958
14959
14960
14961
14962
14963
14964
14965
14966
14968
14969
14970
14971
14972
14973
14977
14978
14979
14980
14981
14986
14987
14989
14990
14992
14993
14994
14995
14996
14997
14998
14999
15000
15001
15002
15004
15006
15009
15010
15011
15012
15013
15015
15016
15017
15018
15020
15021
15022
15023
15024
15026
15028
15030
15031
15035
15036
15038
15039
15041
15044
15045
15046
15047
15048
15049
15051
15053
15054
15055
15056
15058
15059
15060
15062
15063
15065
15067
15068
15069
15070
15072
15073
15074
15075
15077
15078
15079
15080
15081
15082
15083
15084
15086
15088
15093
15094
15097
15098
15100
15101
15104
15105
15106
15107
15109
15110
15112
15113
15114
15115
15116
15117
15119
15121
15122
15125
15126
15127
15129
15130
15131
15132
15133
15134
15135
15137
15140
15141
15142
15143
15145
15146
15148
15150
15151
15153
15154
15155
15157
15158
15159
15160
15161
15163
15164
15165
15166
15167
15168
15170
15171
15172
15173
15174
15177
15178
15179
15180
15183
15184
15185
15186
15188
15190
15192
15194
15195
15196
15198
15199
15200
15203
15205
15207
15208
15213
15215
15216
15217
15218
15219
15220
15221
15222
15223
15226
15227
15229
15230
15231
15232
15233
15235
15236
15237
15238
15239
15240
15242
15243
15246
15248
15249
15252
15253
15254
15256
15257
15258
15259
15260
15263
15265
15266
15267
15268
15269
15271
15273
15277
15278
15279
15282
15283
15284
15285
15287
15288
15289
15291
15292
15293
15294
15295
15297
15298
15299
15300
15306
15307
15308
15309
15310
15311
15313
15314
15315
15317
15318
15319
15320
15321
15322
15323
15326
15328
15329
15331
15332
15333
15334
15336
15338
15340
15342
15343
15344
15346
15353
15354
15356
15357
15359
15360
15361
15363
15365
15367
15369
15370
15371
15372
15376
15377
15378
15379
15380
15382
15383
15384
15385
15386
15387
15390
15392
15393
15395
15396
15397
15398
15400
15401
15402
15403
15405
15406
15408
15409
15410
15411
15412
15413
15415
15417
15418
15419
15420
15422
15424
15426
15427
15428
15429
15431
15432
15434
15436
15439
15440
15441
15444
15446
15447
15448
15451
15452
15453
15455
15457
15458
15460
15461
15462
15463
15465
15466
15467
15469
15471
15472
15473
15474
15476
15477
15478
15479
15481
15482
15485
15487
15491
15492
15493
15494
15495
15496
15497
15500
15501
15502
15504
15507
15511
15513
15514
15515
15516
15517
15520
15522
15524
15525
15526
15527
15529
15530
15531
15532
15533
15534
15537
15538
15539
15540
15541
15542
15543
15544
15547
15548
15549
15551
15552
15553
15555
15556
15557
15558
15559
15561
15562
15565
15567
15568
15569
15570
15571
15573
15576
15578
15579
15580
15581
15583
15585
15589
15590
15591
15592
15594
15595
15597
15598
15599
15600
15601
15602
15606
15607
15608
15610
15611
15612
15614
15615
15616
15617
15620
15622
15623
15624
15625
15630
15631
15632
15633
15634
15635
15636
15639
15641
15642
15644
15645
15646
15647
15648
15649
15650
15651
15652
15653
15655
15656
15657
15658
15659
15664
15665
15666
15669
15670
15671
15672
15674
15675
15676
15677
15678
15679
15680
15681
15682
15683
15685
15686
15687
15688
15691
15694
15695
15696
15700
15701
15702
15703
15704
15705
15706
15707
15708
15709
15710
15711
15712
15716
15717
15718
15719
15720
15722
15723
15724
15725
15726
15727
15728
15729
15730
15731
15732
15733
15734
15735
15736
15737
15738
15740
15741
15742
15743
15745
15747
15748
15751
15752
15753
15755
15756
15758
15759
15760
15761
15762
15763
15764
15765
15767
15768
15770
15771
15772
15773
15774
15775
15777
15780
15781
15782
15784
15785
15787
15788
15790
15791
15792
15794
15795
15797
15798
15799
15800
15801
15802
15803
15804
15805
15807
15808
15809
15810
15811
15812
15813
15814
15815
15816
15820
15821
15822
15823
15825
15827
15829
15831
15835
15837
15841
15842
15844
15845
15846
15847
15848
15849
15850
15851
15853
15854
15855
15856
15857
15859
15861
15862
15863
15864
15865
15868
15870
15872
15873
15875
15877
15878
15879
15880
15881
15882
15884
15885
15886
15887
15891
15892
15896
15897
15898
15899
15900
15902
15903
15904
15905
15906
15907
15908
15909
15910
15912
15914
15916
15917
15919
15920
15921
15922
15923
15924
15927
15930
15931
15934
15935
15936
15937
15938
15939
15942
15944
15945
15946
15947
15948
15951
15952
15953
15954
15955
15956
15958
15959
15961
15962
15963
15964
15965
15967
15968
15969
15970
15971
15973
15975
15977
15978
15980
15983
15985
15986
15988
15989
15990
15991
15992
15993
15995
15996
15998
15999
16001
16004
16008
16009
16010
16011
16012
16013
16014
16017
16020
16021
16022
16023
16024
16025
16026
16027
16028
16029
16030
16031
16034
16035
16037
16038
16040
16041
16042
16044
16045
16048
16051
16052
16053
16059
16062
16063
16064
16065
16066
16067
16069
16070
16071
16073
16074
16075
16076
16077
16078
16079
16080
16081
16082
16083
16084
16085
16086
16088
16089
16090
16093
16096
16097
16098
16099
16100
16101
16103
16105
16109
16110
16111
16113
16115
16116
16117
16118
16120
16123
16124
16125
16126
16127
16128
16129
16131
16132
16133
16136
16137
16140
16141
16143
16144
16146
16147
16148
16149
16150
16151
16152
16154
16155
16156
16158
16159
16160
16161
16162
16163
16164
16166
16167
16168
16169
16170
16171
16172
16173
16175
16177
16180
16181
16182
16183
16184
16185
16186
16187
16188
16189
16190
16191
16192
16195
16196
16197
16198
16199
16200
16201
16202
16203
16204
16206
16207
16208
16210
16211
16212
16216
16217
16218
16219
16220
16223
16225
16226
16227
16228
16229
16232
16234
16236
16237
16238
16240
16242
16243
16244
16246
16249
16250
16253
16254
16255
16256
16257
16258
16260
16261
16262
16263
16265
16266
16267
16270
16274
16276
16277
16278
16280
16281
16283
16284
16286
16287
16289
16290
16291
16292
16293
16294
16295
16297
16298
16300
16302
16303
16304
16305
16307
16308
16309
16310
16311
16312
16313
16314
16315
16316
16317
16318
16321
16323
16324
16327
16328
16330
16331
16332
16333
16334
16335
16336
16337
16338
16340
16341
16342
16343
16344
16348
16349
16350
16352
16353
16356
16358
16359
16360
16361
16362
16363
16364
16367
16369
16370
16371
16372
16373
16374
16376
16377
16378
16379
16380
16382
16383
16384
16385
16388
16389
16390
16391
16393
16395
16396
16398
16399
16400
16401
16402
16404
16405
16407
16411
16413
16415
16416
16417
16420
16421
16422
16424
16425
16427
16429
16431
16432
16433
16434
16436
16438
16439
16440
16442
16443
16447
16448
16449
16450
16451
16452
16455
16456
16458
16459
16460
16461
16462
16463
16464
16465
16466
16467
16468
16470
16474
16475
16476
16478
16479
16480
16481
16482
16483
16484
16486
16487
16488
16490
16491
16492
16493
16494
16495
16496
16498
16499
16500
16501
16502
16504
16505
16507
16509
16511
16512
16513
16514
16518
16520
16521
16523
16524
16527
16529
16532
16535
16536
16538
16539
16542
16543
16544
16545
16546
16547
16548
16550
16551
16553
16554
16555
16558
16559
16560
16561
16562
16563
16564
16567
16568
16569
16570
16572
16573
16574
16575
16577
16579
16580
16581
16582
16583
16584
16586
16587
16588
16589
16590
16591
16592
16593
16594
16595
16597
16599
16601
16602
16603
16606
16608
16610
16611
16613
16614
16616
16617
16619
16622
16623
16625
16626
16628
16630
16631
16632
16634
16636
16638
16640
16642
16644
16645
16646
16647
16648
16650
16651
16654
16656
16657
16659
16660
16661
16663
16664
16666
16667
16668
16669
16671
16672
16673
16674
16675
16676
16677
16680
16681
16682
16683
16684
16685
16686
16687
16691
16692
16693
16694
16696
16697
16698
16700
16701
16702
16706
16707
16708
16710
16711
16712
16713
16714
16715
16716
16719
16720
16722
16723
16725
16726
16727
16729
16730
16731
16732
16733
16734
16735
16736
16738
16739
16740
16742
16743
16744
16745
16746
16747
16748
16750
16751
16752
16753
16754
16759
16761
16762
16763
16766
16767
16769
16771
16772
16773
16774
16775
16776
16777
16778
16779
16780
16781
16783
16784
16785
16787
16788
16790
16791
16795
16796
16797
16798
16799
16802
16804
16805
16808
16809
16811
16812
16813
16814
16815
16816
16817
16819
16821
16823
16824
16825
16826
16828
16829
16830
16831
16832
16833
16835
16836
16838
16839
16841
16842
16843
16844
16845
16846
16848
16852
16853
16855
16856
16858
16859
16860
16861
16862
16864
16865
16866
16867
16868
16869
16870
16871
16873
16874
16875
16876
16877
16878
16881
16882
16884
16886
16887
16888
16889
16890
16891
16892
16893
16894
16896
16897
16898
16899
16903
16904
16905
16906
16907
16908
16909
16910
16911
16912
16913
16914
16915
16916
16918
16919
16920
16921
16922
16924
16925
16926
16927
16929
16930
16931
16934
16935
16936
16938
16939
16940
16942
16943
16944
16946
16947
16948
16951
16952
16954
16956
16957
16958
16960
16962
16964
16965
16966
16967
16970
16971
16972
16974
16975
16976
16977
16981
16983
16984
16985
16986
16987
16988
16989
16990
16991
16992
16994
16995
16997
16999
17000
17001
17002
17004
17005
17006
17007
17008
17010
17011
17014
17016
17017
17018
17019
17020
17021
17023
17024
17026
17027
17028
17029
17030
17031
17032
17033
17036
17039
17040
17041
17042
17043
17045
17046
17047
17048
17049
17050
17051
17053
17055
17056
17059
17060
17061
17062
17063
17064
17068
17069
17070
17071
17073
17074
17075
17076
17077
17078
17079
17080
17081
17082
17083
17084
17085
17086
17088
17089
17090
17091
17092
17094
17095
17096
17097
17099
17101
17103
17105
17107
17108
17109
17110
17111
17112
17114
17115
17116
17118
17119
17121
17122
17123
17124
17126
17129
17130
17132
17135
17136
17137
17138
17140
17141
17142
17143
17144
17145
17147
17148
17149
17150
17151
17152
17153
17155
17157
17158
17159
17160
17161
17162
17163
17165
17166
17167
17168
17169
17170
17171
17173
17174
17175
17176
17177
17178
17179
17180
17181
17182
17185
17186
17189
17190
17191
17192
17193
17194
17196
17197
17198
17199
17200
17201
17202
17203
17204
17205
17206
17208
17209
17210
17211
17212
17213
17214
17215
17216
17217
17218
17219
17220
17222
17223
17224
17226
17227
17228
17230
17232
17235
17236
17237
17238
17239
17240
17242
17243
17244
17248
17249
17250
17251
17253
17254
17256
17257
17259
17260
17262
17263
17264
17265
17266
17267
17268
17269
17272
17273
17275
17276
17279
17280
17281
17282
17284
17285
17286
17287
17288
17289
17290
17292
17293
17294
17295
17297
17301
17302
17303
17304
17306
17307
17308
17309
17310
17311
17312
17314
17315
17316
17318
17319
17320
17321
17322
17324
17326
17328
17329
17330
17331
17332
17333
17334
17335
17339
17341
17344
17345
17346
17349
17350
17352
17355
17358
17359
17360
17361
17363
17365
17366
17367
17368
17369
17370
17372
17373
17374
17375
17377
17380
17381
17382
17383
17384
17385
17386
17387
17388
17389
17390
17394
17395
17398
17400
17403
17404
17405
17407
17408
17409
17410
17411
17412
17413
17414
17415
17420
17421
17422
17423
17425
17426
17428
17430
17431
17432
17433
17434
17435
17436
17437
17438
17439
17440
17441
17442
17444
17445
17447
17448
17449
17452
17453
17454
17460
17462
17463
17464
17466
17467
17468
17469
17470
17473
17477
17478
17479
17480
17481
17482
17486
17487
17490
17491
17492
17493
17494
17495
17496
17497
17498
17499
17500
17501
17502
17503
17506
17508
17512
17513
17514
17515
17516
17518
17519
17522
17523
17525
17526
17528
17530
17531
17532
17533
17534
17536
17537
17538
17539
17540
17541
17543
17544
17545
17546
17548
17550
17551
17554
17556
17557
17558
17559
17560
17561
17562
17563
17565
17568
17569
17571
17572
17574
17575
17576
17577
17578
17579
17580
17582
17585
17587
17588
17590
17591
17592
17593
17594
17595
17596
17597
17599
17600
17601
17602
17603
17604
17605
17607
17608
17609
17610
17613
17614
17618
17621
17622
17623
17625
17627
17632
17633
17635
17637
17638
17639
17640
17642
17643
17644
17646
17647
17649
17650
17651
17654
17655
17658
17659
17660
17661
17663
17664
17665
17666
17667
17668
17670
17671
17675
17676
17677
17679
17684
17685
17688
17691
17692
17696
17697
17699
17700
17702
17703
17704
17705
17708
17710
17712
17713
17715
17717
17719
17720
17721
17722
17723
17724
17726
17727
17729
17731
17737
17738
17740
17741
17743
17744
17745
17747
17749
17752
17753
17754
17755
17756
17757
17759
17760
17761
17762
17765
17766
17767
17771
17772
17774
17775
17777
17779
17780
17781
17782
17783
17784
17785
17786
17788
17790
17791
17792
17793
17794
17797
17798
17799
17801
17802
17803
17805
17806
17808
17810
17811
17812
17813
17814
17816
17819
17820
17821
17822
17823
17824
17825
17827
17830
17832
17835
17836
17837
17838
17839
17840
17841
17846
17848
17853
17854
17855
17856
17861
17862
17863
17864
17865
17866
17867
17868
17875
17876
17877
17878
17879
17880
17881
17882
17883
17884
17885
17886
17888
17889
17890
17892
17894
17895
17897
17898
17899
17900
17901
17902
17903
17904
17905
17906
17907
17908
17909
17910
17911
17912
17913
17914
17915
17918
17920
17922
17923
17924
17925
17927
17928
17929
17930
17932
17933
17934
17935
17936
17937
17938
17941
17943
17947
17949
17950
17951
17952
17953
17956
17957
17958
17959
17961
17962
17963
17967
17968
17970
17971
17973
17974
17975
17976
17977
17978
17979
17981
17982
17983
17984
17985
17987
17991
17994
17996
17998
18000
18004
18006
18007
18008
18009
18010
18012
18014
18015
18016
18017
18018
18019
18020
18023
18024
18026
18027
18029
18032
18033
18034
18035
18036
18037
18041
18043
18044
18045
18046
18048
18049
18051
18053
18054
18055
18056
18058
18059
18060
18061
18062
18063
18064
18068
18069
18071
18074
18075
18076
18077
18079
18080
18082
18084
18085
18086
18088
18089
18090
18091
18092
18093
18095
18096
18097
18098
18099
18100
18102
18103
18104
18105
18106
18107
18108
18110
18113
18114
18115
18117
18119
18120
18121
18122
18124
18125
18127
18128
18129
18130
18132
18133
18134
18135
18137
18139
18140
18141
18142
18145
18146
18147
18148
18149
18150
18151
18153
18155
18156
18157
18161
18163
18164
18166
18167
18169
18172
18173
18174
18175
18176
18177
18178
18179
18180
18181
18184
18185
18186
18187
18189
18190
18193
18194
18196
18197
18198
18199
18201
18202
18203
18204
18205
18206
18207
18208
18210
18211
18212
18214
18215
18216
18217
18220
18221
18222
18223
18224
18225
18226
18227
18231
18232
18233
18236
18238
18239
18240
18241
18242
18244
18247
18248
18249
18250
18253
18255
18257
18258
18259
18260
18262
18263
18264
18265
18266
18267
18270
18271
18273
18274
18275
18277
18278
18279
18280
18282
18283
18285
18286
18288
18289
18290
18293
18294
18295
18296
18297
18298
18299
18300
18301
18302
18304
18305
18306
18309
18310
18312
18313
18314
18315
18317
18318
18319
18320
18321
18323
18324
18325
18326
18328
18329
18330
18332
18333
18334
18335
18336
18337
18338
18339
18341
18342
18344
18346
18347
18348
18350
18351
18352
18353
18354
18355
18356
18357
18358
18360
18361
18364
18366
18369
18370
18372
18373
18374
18378
18379
18381
18382
18383
18384
18385
18386
18387
18388
18390
18391
18392
18393
18394
18395
18396
18397
18398
18399
18400
18401
18402
18404
18407
18410
18413
18415
18416
18417
18418
18419
18420
18421
18422
18423
18425
18426
18429
18430
18431
18432
18433
18434
18435
18437
18438
18441
18442
18443
18445
18446
18447
18448
18449
18450
18452
18453
18454
18455
18456
18460
18462
18463
18464
18465
18466
18467
18468
18470
18471
18472
18473
18474
18477
18482
18483
18485
18486
18488
18489
18490
18492
18493
18494
18495
18496
18498
18499
18501
18503
18505
18506
18507
18508
18510
18512
18514
18515
18517
18518
18519
18520
18521
18522
18523
18524
18525
18526
18527
18528
18531
18533
18534
18536
18538
18539
18542
18543
18545
18547
18548
18550
18551
18553
18554
18556
18557
18559
18560
18561
18563
18565
18566
18567
18568
18570
18571
18572
18573
18575
18576
18577
18578
18579
18580
18581
18582
18583
18584
18585
18586
18587
18588
18589
18591
18592
18593
18596
18597
18598
18600
18601
18604
18606
18608
18609
18610
18611
18612
18613
18615
18616
18618
18619
18621
18625
18626
18627
18628
18629
18631
18632
18633
18634
18635
18636
18637
18638
18640
18641
18642
18643
18644
18645
18646
18647
18648
18649
18651
18654
18656
18657
18659
18660
18661
18662
18663
18664
18667
18669
18671
18672
18673
18674
18675
18676
18677
18678
18680
18681
18685
18686
18687
18688
18692
18693
18694
18695
18696
18697
18699
18700
18703
18704
18705
18708
18710
18711
18712
18714
18715
18716
18717
18718
18720
18721
18723
18725
18727
18728
18729
18730
18731
18733
18734
18735
18736
18737
18738
18739
18740
18743
18746
18747
18749
18750
18751
18752
18753
18755
18756
18758
18759
18761
18762
18764
18765
18766
18768
18771
18772
18773
18775
18776
18778
18779
18780
18782
18784
18787
18792
18793
18796
18798
18799
18800
18801
18802
18805
18806
18808
18809
18810
18811
18812
18813
18814
18816
18818
18819
18820
18824
18827
18830
18833
18834
18835
18836
18837
18840
18841
18845
18846
18848
18850
18851
18852
18855
18856
18857
18858
18859
18860
18861
18862
18863
18864
18865
18866
18867
18868
18869
18870
18872
18874
18875
18876
18877
18878
18879
18881
18882
18883
18884
18886
18887
18888
18892
18893
18895
18896
18897
18898
18899
18903
18904
18905
18906
18908
18909
18910
18912
18913
18914
18915
18916
18918
18919
18921
18922
18923
18924
18928
18930
18931
18932
18933
18934
18935
18936
18937
18939
18940
18942
18943
18944
18945
18947
18948
18950
18952
18953
18955
18956
18957
18958
18959
18960
18962
18963
18964
18965
18966
18967
18968
18970
18972
18973
18974
18975
18977
18978
18980
18981
18983
18984
18986
18987
18988
18989
18992
18993
18994
18995
18996
18997
18998
19000
19002
19006
19007
19008
19009
19012
19013
19014
19015
19016
19017
19018
19019
19022
19023
19024
19025
19026
19027
19029
19030
19031
19033
19034
19035
19036
19037
19038
19040
19041
19042
19043
19044
19045
19046
19047
19048
19050
19051
19052
19053
19055
19057
19058
19059
19061
19062
19063
19065
19066
19068
19070
19071
19072
19073
19074
19077
19078
19080
19082
19083
19084
19085
19087
19088
19089
19090
19091
19092
19093
19094
19095
19096
19097
19098
19099
19100
19103
19104
19105
19106
19109
19110
19112
19113
19115
19116
19117
19118
19119
19120
19121
19122
19123
19124
19125
19127
19130
19133
19134
19136
19137
19138
19139
19140
19141
19142
19143
19144
19145
19146
19147
19148
19149
19151
19152
19155
19157
19158
19159
19160
19161
19162
19163
19164
19165
19167
19168
19171
19172
19173
19175
19176
19178
19181
19183
19184
19186
19190
19191
19194
19195
19196
19197
19199
19200
19202
19203
19206
19209
19210
19211
19212
19213
19214
19215
19216
19217
19218
19219
19221
19222
19223
19224
19226
19227
19228
19230
19232
19234
19235
19236
19237
19239
19240
19241
19243
19244
19246
19247
19248
19249
19250
19251
19252
19253
19254
19255
19256
19258
19259
19260
19261
19262
19263
19266
19268
19269
19270
19271
19276
19277
19278
19279
19280
19282
19283
19284
19285
19286
19287
19288
19289
19290
19292
19294
19295
19296
19298
19299
19300
19301
19302
19304
19305
19307
19310
19312
19313
19314
19315
19316
19319
19320
19324
19328
19330
19331
19332
19335
19336
19337
19338
19341
19342
19343
19344
19345
19346
19349
19352
19353
19354
19355
19356
19358
19359
19360
19361
19362
19363
19364
19365
19367
19370
19371
19372
19373
19375
19376
19377
19378
19379
19380
19381
19382
19383
19384
19385
19387
19388
19389
19390
19392
19393
19394
19396
19397
19401
19403
19404
19405
19406
19407
19408
19410
19411
19412
19413
19414
19415
19416
19417
19420
19422
19424
19425
19427
19428
19429
19431
19432
19433
19434
19435
19437
19439
19440
19441
19442
19443
19447
19448
19449
19451
19452
19454
19455
19456
19457
19459
19461
19462
19463
19464
19465
19466
19471
19472
19475
19477
19478
19479
19481
19482
19483
19489
19491
19492
19493
19494
19495
19496
19497
19499
19501
19503
19505
19507
19508
19511
19512
19513
19514
19517
19518
19519
19520
19521
19523
19524
19525
19526
19527
19528
19529
19530
19531
19533
19534
19536
19537
19538
19540
19541
19542
19543
19544
19545
19548
19549
19551
19552
19554
19555
19557
19558
19559
19560
19561
19562
19564
19565
19566
19567
19568
19569
19570
19571
19572
19573
19575
19576
19579
19580
19581
19582
19583
19584
19585
19586
19588
19590
19592
19594
19595
19596
19597
19601
19602
19603
19605
19606
19607
19608
19610
19611
19612
19614
19616
19617
19618
19619
19621
19623
19624
19625
19626
19627
19628
19630
19631
19632
19633
19636
19638
19640
19641
19643
19644
19645
19646
19649
19650
19651
19652
19653
19654
19655
19656
19658
19659
19661
19662
19663
19664
19665
19666
19667
19668
19669
19670
19671
19673
19675
19676
19677
19678
19679
19682
19683
19685
19686
19689
19690
19691
19692
19693
19694
19696
19697
19698
19700
19701
19704
19705
19706
19709
19710
19711
19712
19714
19716
19717
19718
19719
19721
19723
19725
19726
19727
19728
19729
19730
19731
19732
19733
19734
19736
19737
19739
19740
19741
19742
19744
19745
19746
19747
19749
19753
19754
19756
19757
19760
19761
19762
19763
19764
19766
19769
19770
19771
19772
19773
19775
19776
19779
19781
19785
19786
19790
19791
19792
19793
19794
19795
19796
19797
19798
19799
19800
19801
19802
19803
19804
19805
19806
19807
19812
19813
19814
19816
19817
19819
19820
19821
19822
19823
19824
19825
19826
19827
19829
19830
19833
19834
19835
19836
19839
19840
19841
19844
19846
19847
19848
19850
19852
19853
19854
19855
19856
19858
19860
19861
19862
19863
19864
19865
19866
19868
19869
19870
19872
19876
19877
19878
19879
19880
19883
19884
19885
19886
19887
19888
19889
19890
19892
19893
19894
19895
19897
19899
19901
19902
19903
19904
19905
19906
19907
19908
19909
19910
19912
19914
19915
19916
19917
19918
19919
19920
19921
19923
19924
19925
19927
19928
19929
19931
19932
19934
19935
19937
19941
19942
19943
19944
19945
19950
19951
19953
19957
19958
19959
19960
19961
19963
19964
19966
19967
19968
19969
19970
19971
19973
19974
19975
19976
19978
19979
19980
19981
19982
19983
19984
19985
19987
19988
19990
19991
19992
19993
19994
19995
19996
