00002
00003
00004
00005
00006
00007
00008
00009
00010
00011
00012
00013
00017
00019
00021
00023
00024
00025
00026
00027
00028
00029
00030
00031
00032
00033
00035
00037
00038
00041
00044
00045
00046
00047
00048
00049
00050
00053
00054
00055
00057
00058
00059
00063
00065
00066
00069
00070
00071
00072
00073
00074
00075
00076
00077
00082
00083
00085
00086
00087
00088
00090
00092
00093
00094
00095
00096
00097
00098
00099
00100
00101
00102
00103
00108
00111
00112
00113
00115
00117
00118
00122
00123
00124
00125
00126
00127
00128
00129
00130
00131
00132
00133
00134
00135
00136
00138
00139
00140
00141
00142
00143
00144
00145
00146
00147
00148
00149
00150
00151
00152
00153
00154
00155
00156
00157
00158
00159
00160
00161
00162
00164
00165
00166
00167
00168
00169
00171
00172
00175
00176
00177
00178
00179
00180
00181
00182
00183
00185
00186
00190
00191
00192
00194
00195
00197
00201
00203
00204
00205
00206
00207
00208
00210
00211
00212
00214
00215
00217
00219
00220
00221
00222
00223
00224
00225
00226
00227
00229
00230
00231
00232
00234
00235
00236
00237
00239
00240
00241
00242
00244
00246
00247
00248
00249
00250
00251
00252
00254
00255
00258
00259
00260
00263
00265
00266
00268
00269
00270
00271
00272
00273
00274
00275
00276
00281
00282
00283
00285
00286
00287
00289
00290
00291
00292
00294
00295
00296
00297
00298
00299
00301
00303
00304
00305
00307
00309
00310
00313
00314
00315
00316
00317
00319
00321
00322
00323
00324
00325
00326
00327
00332
00334
00336
00338
00339
00340
00341
00342
00343
00344
00345
00346
00353
00355
00357
00358
00359
00360
00361
00364
00366
00367
00368
00370
00371
00372
00373
00374
00375
00376
00378
00379
00380
00381
00382
00383
00384
00385
00387
00389
00390
00391
00392
00395
00396
00397
00398
00399
00401
00402
00403
00405
00407
00408
00411
00412
00413
00416
00419
00420
00421
00424
00425
00427
00428
00429
00430
00431
00432
00433
00435
00439
00440
00441
00442
00443
00444
00445
00446
00448
00449
00450
00451
00452
00453
00457
00458
00459
00462
00465
00467
00468
00470
00471
00472
00473
00474
00475
00476
00477
00478
00480
00481
00483
00484
00486
00487
00488
00489
00492
00495
00496
00497
00498
00499
00501
00503
00504
00505
00506
00508
00509
00510
00511
00514
00515
00516
00517
00519
00520
00521
00522
00524
00525
00527
00528
00530
00531
00532
00534
00535
00536
00537
00538
00539
00540
00543
00544
00545
00547
00548
00551
00552
00556
00557
00560
00561
00562
00566
00567
00568
00569
00572
00573
00574
00575
00577
00578
00579
00580
00582
00583
00584
00587
00588
00590
00592
00593
00594
00595
00596
00597
00598
00599
00600
00604
00605
00606
00608
00609
00610
00611
00612
00614
00615
00616
00617
00618
00619
00621
00623
00624
00625
00626
00627
00629
00630
00633
00635
00636
00637
00638
00640
00642
00647
00648
00650
00651
00653
00654
00657
00659
00661
00663
00664
00665
00666
00667
00669
00670
00671
00672
00673
00674
00675
00676
00678
00679
00680
00681
00682
00683
00684
00685
00686
00687
00689
00690
00691
00692
00693
00695
00696
00697
00699
00700
00701
00702
00703
00704
00705
00706
00707
00708
00709
00710
00711
00714
00716
00717
00720
00721
00722
00723
00724
00725
00726
00727
00731
00732
00733
00734
00736
00737
00738
00740
00741
00744
00745
00748
00749
00750
00751
00752
00753
00755
00756
00758
00759
00760
00762
00763
00766
00767
00768
00769
00770
00771
00773
00774
00775
00776
00778
00779
00780
00781
00784
00785
00786
00787
00788
00789
00790
00791
00792
00793
00794
00795
00796
00797
00798
00799
00800
00801
00802
00803
00804
00805
00808
00809
00810
00811
00812
00813
00815
00818
00819
00821
00822
00823
00824
00825
00826
00828
00829
00830
00831
00832
00833
00835
00836
00840
00841
00843
00844
00845
00846
00847
00848
00852
00854
00855
00858
00859
00860
00862
00863
00866
00867
00868
00869
00870
00872
00873
00875
00876
00878
00880
00881
00882
00883
00886
00888
00889
00891
00892
00893
00895
00896
00897
00898
00899
00900
00901
00902
00905
00906
00908
00909
00910
00912
00913
00914
00917
00918
00920
00921
00922
00923
00924
00925
00926
00927
00930
00931
00933
00934
00935
00936
00937
00939
00940
00941
00942
00943
00944
00947
00950
00952
00954
00955
00957
00958
00960
00961
00962
00964
00965
00967
00968
00969
00970
00972
00974
00975
00976
00977
00978
00979
00981
00982
00983
00984
00985
00986
00987
00988
00990
00991
00992
00993
00995
00997
00998
01000
01001
01002
01003
01004
01006
01007
01008
01010
01011
01013
01014
01015
01016
01017
01018
01019
01020
01021
01022
01023
01024
01025
01026
01027
01028
01029
01030
01033
01034
01036
01038
01039
01040
01041
01042
01043
01044
01045
01046
01048
01050
01051
01053
01054
01057
01060
01061
01062
01064
01065
01066
01067
01068
01070
01072
01073
01074
01075
01076
01077
01078
01080
01081
01082
01084
01085
01086
01087
01089
01091
01092
01093
01094
01095
01098
01099
01100
01101
01104
01106
01109
01110
01112
01113
01115
01118
01119
01120
01122
01123
01125
01126
01127
01128
01129
01130
01131
01132
01133
01134
01136
01137
01139
01140
01141
01142
01143
01144
01145
01148
01149
01151
01152
01153
01154
01155
01157
01163
01164
01165
01166
01167
01168
01170
01171
01172
01173
01175
01176
01177
01179
01180
01182
01183
01184
01185
01188
01190
01191
01193
01195
01198
01203
01204
01205
01207
01208
01209
01210
01211
01213
01217
01219
01220
01222
01223
01224
01226
01229
01231
01233
01235
01236
01238
01239
01240
01241
01242
01243
01244
01245
01247
01251
01252
01254
01255
01256
01257
01258
01259
01260
01261
01263
01265
01267
01268
01269
01270
01273
01274
01275
01276
01279
01281
01282
01283
01285
01286
01287
01288
01290
01291
01292
01293
01296
01298
01299
01300
01301
01302
01304
01306
01307
01308
01309
01310
01312
01313
01314
01315
01317
01318
01323
01324
01325
01327
01328
01329
01330
01331
01332
01333
01334
01335
01338
01339
01340
01341
01342
01344
01345
01346
01347
01348
01352
01353
01357
01358
01359
01360
01361
01364
01365
01366
01367
01368
01370
01375
01376
01377
01380
01381
01383
01384
01385
01386
01387
01389
01390
01392
01393
01394
01397
01398
01399
01400
01404
01405
01408
01409
01410
01412
01413
01415
01417
01419
01420
01422
01423
01424
01425
01426
01429
01430
01431
01435
01436
01437
01438
01439
01440
01441
01445
01447
01449
01450
01451
01452
01454
01455
01456
01457
01458
01462
01463
01464
01465
01466
01467
01468
01469
01470
01472
01473
01475
01479
01481
01482
01483
01484
01485
01486
01488
01490
01491
01492
01493
01495
01496
01497
01498
01499
01500
01501
01502
01503
01504
01505
01506
01508
01509
01510
01512
01513
01514
01515
01516
01517
01518
01519
01520
01522
01523
01525
01526
01527
01528
01529
01530
01531
01532
01534
01536
01537
01539
01540
01542
01543
01544
01545
01546
01547
01550
01553
01555
01556
01557
01559
01560
01561
01562
01563
01564
01565
01566
01569
01570
01571
01572
01575
01577
01578
01579
01580
01583
01584
01586
01588
01589
01590
01591
01594
01595
01597
01598
01599
01600
01601
01602
01603
01606
01609
01611
01612
01613
01614
01615
01616
01617
01618
01620
01624
01626
01628
01629
01631
01634
01635
01636
01638
01641
01644
01647
01649
01650
01651
01652
01653
01654
01655
01656
01660
01661
01662
01663
01664
01665
01667
01670
01671
01672
01674
01675
01677
01678
01679
01680
01681
01682
01683
01684
01685
01686
01689
01691
01694
01695
01696
01697
01698
01699
01700
01701
01702
01703
01704
01705
01706
01707
01708
01709
01710
01711
01712
01713
01714
01715
01717
01719
01721
01722
01725
01726
01728
01730
01731
01732
01733
01735
01736
01739
01743
01744
01745
01746
01747
01748
01749
01750
01752
01755
01756
01757
01758
01759
01760
01764
01765
01767
01769
01771
01772
01773
01774
01775
01777
01779
01780
01781
01783
01784
01785
01787
01788
01789
01790
01791
01792
01793
01794
01796
01797
01798
01799
01800
01802
01804
01805
01806
01807
01808
01809
01810
01812
01814
01815
01816
01819
01820
01821
01822
01823
01824
01825
01826
01827
01828
01830
01831
01832
01833
01835
01837
01840
01846
01847
01848
01849
01850
01851
01853
01854
01856
01857
01858
01861
01862
01863
01864
01865
01867
01868
01869
01870
01872
01874
01877
01878
01879
01880
01882
01883
01884
01885
01886
01889
01890
01891
01892
01893
01894
01896
01897
01898
01899
01900
01901
01904
01905
01906
01907
01909
01911
01914
01916
01918
01920
01921
01922
01923
01925
01926
01927
01928
01929
01930
01931
01932
01933
01934
01935
01938
01939
01941
01942
01943
01945
01948
01949
01950
01955
01956
01957
01960
01961
01962
01964
01965
01966
01967
01970
01971
01973
01976
01977
01978
01979
01980
01981
01982
01983
01984
01985
01986
01987
01988
01989
01991
01994
01996
01997
02001
02004
02005
02006
02007
02008
02009
02010
02011
02012
02013
02015
02017
02018
02019
02020
02022
02024
02025
02026
02029
02030
02031
02032
02033
02034
02035
02036
02037
02038
02039
02040
02041
02042
02043
02044
02045
02046
02048
02049
02050
02051
02052
02053
02054
02056
02057
02058
02061
02062
02064
02066
02067
02070
02071
02073
02075
02077
02078
02079
02082
02083
02085
02086
02087
02089
02090
02092
02093
02094
02095
02096
02097
02099
02100
02102
02104
02105
02106
02109
02110
02111
02112
02114
02116
02117
02118
02119
02120
02121
02125
02127
02128
02129
02130
02131
02132
02134
02136
02137
02138
02139
02140
02141
02142
02146
02148
02149
02150
02151
02152
02153
02154
02156
02157
02158
02159
02160
02161
02163
02164
02166
02167
02168
02169
02171
02174
02176
02177
02178
02179
02182
02183
02184
02186
02187
02189
02190
02192
02193
02195
02196
02197
02198
02199
02202
02204
02206
02207
02208
02211
02212
02215
02216
02217
02218
02219
02221
02223
02224
02226
02227
02229
02230
02232
02234
02235
02236
02237
02238
02239
02241
02243
02244
02246
02247
02248
02249
02253
02254
02256
02257
02258
02260
02262
02263
02264
02265
02267
02268
02270
02271
02272
02273
02274
02275
02277
02278
02285
02286
02289
02291
02292
02293
02294
02297
02298
02299
02301
02302
02303
02304
02305
02306
02310
02314
02315
02317
02319
02320
02322
02323
02324
02325
02326
02327
02328
02329
02330
02331
02333
02336
02339
02340
02342
02343
02344
02346
02347
02349
02350
02351
02353
02354
02355
02356
02359
02360
02363
02364
02365
02366
02368
02370
02371
02373
02380
02381
02383
02384
02385
02386
02387
02388
02389
02390
02392
02393
02395
02396
02397
02398
02399
02400
02402
02405
02406
02409
02412
02414
02415
02416
02418
02419
02421
02422
02423
02424
02425
02426
02427
02428
02429
02431
02432
02433
02434
02435
02436
02437
02438
02440
02441
02442
02443
02444
02446
02447
02449
02450
02451
02452
02453
02454
02455
02456
02457
02458
02459
02460
02462
02463
02464
02467
02468
02469
02470
02472
02473
02477
02479
02480
02481
02482
02483
02486
02487
02488
02489
02491
02494
02495
02496
02497
02499
02501
02502
02503
02504
02506
02508
02511
02512
02514
02515
02516
02517
02520
02521
02522
02523
02524
02525
02526
02527
02528
02531
02533
02535
02537
02538
02539
02541
02543
02545
02547
02548
02550
02552
02553
02554
02555
02557
02559
02560
02565
02566
02567
02568
02570
02573
02574
02575
02576
02577
02581
02584
02585
02586
02587
02588
02589
02591
02592
02594
02595
02596
02597
02598
02599
02600
02601
02603
02604
02605
02606
02608
02609
02610
02615
02616
02617
02618
02620
02621
02622
02623
02624
02625
02626
02627
02628
02629
02630
02631
02633
02636
02637
02639
02641
02645
02646
02648
02649
02650
02651
02653
02656
02657
02659
02660
02661
02662
02664
02665
02667
02668
02672
02673
02674
02676
02677
02678
02679
02680
02681
02682
02685
02687
02688
02689
02690
02691
02692
02694
02695
02696
02697
02698
02699
02701
02703
02704
02705
02706
02708
02709
02711
02712
02713
02714
02715
02717
02721
02722
02723
02724
02725
02726
02727
02728
02729
02730
02731
02732
02734
02736
02737
02738
02739
02741
02742
02747
02748
02749
02750
02751
02753
02754
02755
02756
02758
02759
02760
02762
02764
02765
02767
02768
02769
02771
02773
02774
02775
02782
02783
02784
02785
02786
02787
02789
02790
02791
02793
02794
02795
02796
02797
02799
02800
02801
02804
02807
02808
02809
02810
02812
02813
02814
02819
02820
02821
02822
02823
02824
02825
02826
02827
02828
02829
02830
02834
02837
02840
02842
02843
02844
02846
02849
02850
02851
02854
02855
02856
02857
02858
02861
02862
02863
02864
02865
02866
02867
02869
02870
02872
02874
02875
02876
02877
02878
02879
02880
02882
02883
02886
02887
02888
02890
02891
02895
02897
02899
02900
02902
02903
02907
02908
02909
02913
02914
02916
02917
02920
02923
02924
02926
02927
02928
02929
02930
02931
02932
02933
02934
02935
02936
02939
02940
02941
02942
02943
02944
02945
02948
02949
02950
02951
02953
02954
02955
02957
02959
02960
02962
02963
02964
02966
02968
02969
02971
02972
02973
02975
02976
02977
02979
02980
02981
02982
02983
02984
02985
02986
02987
02990
02991
02993
02994
02995
02999
03000
03001
03004
03005
03006
03008
03010
03011
03013
03014
03015
03016
03017
03018
03022
03023
03027
03028
03032
03033
03034
03036
03038
03039
03041
03042
03043
03045
03046
03047
03048
03049
03052
03053
03054
03057
03058
03059
03061
03062
03063
03064
03065
03066
03067
03068
03070
03071
03072
03075
03076
03077
03078
03079
03080
03081
03083
03085
03086
03087
03089
03090
03093
03094
03095
03096
03098
03099
03100
03101
03102
03104
03105
03106
03107
03108
03110
03111
03112
03113
03114
03115
03117
03118
03119
03121
03122
03123
03125
03128
03129
03130
03133
03135
03136
03138
03139
03140
03141
03143
03145
03146
03149
03150
03153
03156
03157
03158
03159
03160
03161
03162
03163
03165
03166
03167
03168
03169
03171
03172
03173
03174
03175
03176
03177
03178
03181
03182
03183
03184
03185
03188
03189
03190
03195
03196
03197
03198
03199
03201
03207
03208
03209
03210
03211
03212
03213
03214
03215
03216
03218
03220
03221
03222
03223
03224
03225
03227
03228
03229
03230
03231
03232
03233
03234
03236
03237
03238
03239
03240
03241
03242
03243
03244
03245
03246
03248
03249
03251
03252
03253
03254
03255
03256
03257
03258
03259
03264
03265
03266
03269
03271
03272
03274
03275
03276
03277
03278
03279
03281
03282
03283
03284
03285
03286
03288
03290
03291
03292
03293
03295
03296
03297
03298
03299
03300
03301
03303
03304
03305
03306
03307
03308
03311
03313
03314
03316
03317
03319
03321
03322
03324
03325
03326
03328
03329
03330
03331
03332
03333
03334
03335
03336
03338
03339
03340
03342
03343
03346
03348
03349
03351
03352
03353
03354
03356
03357
03358
03362
03363
03364
03366
03367
03368
03369
03370
03371
03372
03373
03374
03375
03377
03378
03379
03380
03381
03383
03386
03387
03388
03389
03390
03391
03392
03393
03395
03397
03399
03400
03401
03404
03405
03406
03407
03408
03409
03410
03412
03414
03417
03418
03419
03421
03422
03423
03424
03425
03427
03429
03430
03431
03433
03435
03436
03437
03438
03439
03440
03442
03443
03444
03445
03446
03447
03449
03452
03453
03455
03457
03459
03460
03463
03464
03466
03467
03469
03470
03471
03473
03476
03477
03478
03479
03481
03482
03483
03484
03486
03488
03490
03492
03493
03494
03495
03496
03497
03500
03501
03502
03503
03504
03505
03506
03507
03508
03509
03511
03513
03515
03516
03517
03518
03519
03520
03521
03524
03525
03526
03527
03528
03529
03530
03531
03532
03533
03534
03538
03539
03540
03541
03542
03544
03547
03549
03550
03551
03553
03554
03555
03556
03559
03560
03561
03563
03564
03565
03566
03567
03568
03569
03570
03571
03572
03573
03576
03578
03579
03580
03581
03582
03583
03585
03586
03589
03590
03591
03593
03594
03595
03596
03597
03598
03599
03601
03602
03604
03605
03606
03607
03609
03611
03613
03614
03615
03616
03617
03619
03622
03624
03626
03627
03629
03630
03632
03635
03638
03639
03642
03643
03644
03645
03646
03648
03650
03652
03653
03654
03655
03656
03662
03664
03665
03667
03669
03670
03671
03674
03675
03676
03677
03678
03679
03680
03681
03682
03683
03684
03685
03687
03688
03689
03690
03691
03695
03697
03698
03699
03700
03701
03702
03703
03705
03707
03710
03711
03712
03714
03715
03717
03718
03720
03722
03723
03728
03729
03732
03733
03734
03736
03737
03740
03741
03742
03743
03745
03746
03747
03748
03749
03750
03751
03752
03755
03756
03757
03758
03759
03760
03763
03765
03766
03767
03768
03769
03770
03771
03772
03776
03777
03778
03779
03780
03781
03782
03784
03786
03787
03789
03790
03791
03792
03795
03796
03797
03798
03799
03800
03802
03803
03804
03805
03806
03807
03808
03809
03811
03812
03813
03815
03816
03818
03820
03821
03822
03823
03824
03825
03826
03827
03829
03830
03833
03834
03836
03838
03839
03840
03841
03843
03844
03845
03847
03848
03852
03856
03859
03860
03861
03862
03864
03866
03868
03869
03870
03871
03872
03873
03875
03876
03878
03879
03880
03881
03882
03883
03884
03885
03886
03891
03892
03894
03895
03896
03899
03900
03901
03902
03903
03906
03907
03910
03912
03914
03918
03919
03920
03921
03923
03924
03928
03929
03930
03932
03933
03934
03935
03936
03938
03940
03941
03943
03945
03946
03947
03948
03949
03950
03951
03952
03953
03954
03956
03957
03958
03959
03961
03964
03965
03967
03971
03972
03973
03974
03976
03977
03979
03980
03983
03984
03985
03986
03987
03989
03990
03991
03992
03993
03995
03997
03998
04001
04002
04003
04004
04005
04008
04009
04010
04011
04014
04015
04016
04017
04018
04019
04020
04021
04022
04023
04025
04026
04027
04028
04029
04030
04031
04032
04033
04034
04035
04036
04037
04038
04040
04041
04042
04043
04044
04046
04047
04048
04049
04050
04052
04053
04054
04056
04057
04059
04060
04061
04063
04064
04065
04067
04069
04073
04074
04076
04077
04079
04080
04083
04084
04085
04086
04087
04089
04090
04092
04093
04094
04095
04096
04098
04099
04100
04102
04103
04104
04105
04107
04109
04112
04116
04117
04118
04119
04120
04122
04123
04124
04125
04126
04129
04131
04132
04134
04135
04136
04138
04140
04142
04143
04147
04149
04151
04152
04153
04154
04155
04156
04157
04158
04160
04161
04162
04163
04164
04165
04169
04171
04173
04174
04175
04178
04179
04180
04181
04182
04183
04184
04185
04187
04188
04191
04192
04193
04195
04196
04197
04198
04199
04200
04201
04203
04204
04205
04206
04208
04210
04211
04213
04214
04215
04216
04217
04218
04220
04221
04222
04224
04226
04227
04228
04229
04230
04231
04232
04234
04237
04238
04239
04240
04242
04245
04246
04247
04249
04251
04252
04253
04255
04256
04257
04259
04260
04262
04264
04266
04267
04268
04269
04271
04273
04274
04275
04276
04277
04278
04279
04281
04282
04284
04285
04287
04288
04289
04293
04295
04296
04299
04301
04302
04303
04304
04306
04307
04308
04309
04310
04311
04312
04313
04314
04315
04316
04317
04321
04322
04323
04324
04325
04329
04331
04333
04336
04337
04339
04340
04341
04342
04343
04345
04346
04347
04348
04351
04352
04354
04357
04360
04361
04363
04364
04365
04366
04369
04370
04371
04372
04373
04374
04375
04377
04378
04379
04382
04383
04384
04385
04387
04388
04390
04391
04392
04394
04395
04398
04399
04401
04402
04405
04406
04408
04410
04412
04414
04415
04418
04419
04420
04425
04426
04427
04429
04430
04431
04432
04433
04434
04435
04436
04438
04442
04443
04444
04445
04448
04449
04450
04451
04452
04454
04456
04457
04458
04459
04460
04461
04462
04463
04464
04466
04467
04468
04469
04470
04472
04473
04474
04477
04478
04479
04480
04483
04484
04485
04487
04488
04489
04492
04494
04496
04497
04498
04499
04501
04502
04503
04505
04507
04509
04510
04514
04515
04516
04517
04518
04519
04522
04523
04524
04525
04526
04527
04529
04531
04532
04535
04536
04537
04539
04540
04541
04543
04545
04547
04549
04550
04551
04552
04553
04554
04555
04557
04558
04560
04561
04562
04564
04565
04566
04567
04568
04569
04570
04571
04572
04573
04575
04576
04577
04578
04579
04580
04581
04582
04583
04584
04585
04586
04587
04588
04589
04590
04592
04593
04594
04597
04598
04599
04600
04601
04602
04603
04604
04605
04606
04607
04609
04610
04611
04612
04615
04616
04617
04618
04619
04620
04621
04622
04623
04624
04625
04627
04629
04630
04631
04632
04634
04636
04637
04638
04639
04640
04642
04643
04644
04645
04648
04649
04650
04654
04655
04657
04658
04659
04660
04662
04663
04664
04665
04666
04667
04668
04669
04670
04671
04672
04673
04676
04677
04679
04680
04682
04683
04686
04687
04689
04691
04692
04693
04695
04697
04698
04699
04700
04701
04702
04704
04705
04706
04707
04708
04709
04710
04711
04712
04713
04716
04718
04719
04721
04725
04726
04727
04728
04729
04730
04731
04734
04735
04737
04738
04739
04742
04743
04744
04745
04746
04748
04750
04751
04753
04754
04756
04757
04758
04759
04760
04761
04762
04763
04764
04765
04766
04767
04768
04770
04771
04772
04773
04775
04776
04778
04781
04782
04788
04789
04790
04791
04792
04794
04795
04796
04798
04800
04802
04803
04804
04808
04809
04810
04811
04813
04814
04815
04816
04817
04819
04820
04821
04822
04823
04824
04827
04828
04829
04831
04832
04833
04834
04835
04837
04838
04839
04840
04841
04842
04843
04844
04846
04849
04850
04851
04853
04854
04855
04856
04857
04859
04861
04862
04863
04864
04865
04867
04868
04869
04870
04871
04873
04874
04875
04876
04878
04879
04881
04882
04883
04885
04887
04888
04890
04891
04892
04894
04895
04896
04897
04898
04899
04900
04903
04904
04905
04906
04909
04911
04912
04914
04915
04916
04918
04919
04921
04923
04924
04926
04927
04928
04930
04931
04932
04934
04935
04936
04938
04939
04941
04942
04943
04945
04946
04947
04948
04949
04950
04951
04952
04953
04956
04957
04958
04960
04961
04962
04963
04964
04965
04966
04967
04968
04970
04974
04975
04976
04977
04979
04981
04983
04984
04985
04986
04987
04988
04990
04991
04992
04993
04994
04995
04997
04998
04999
05000
05004
05005
05006
05007
05009
05011
05014
05015
05016
05017
05018
05019
05020
05021
05022
05023
05024
05025
05026
05030
05032
05033
05035
05036
05037
05040
05041
05043
05044
05045
05046
05047
05048
05051
05052
05053
05054
05056
05057
05059
05061
05062
05063
05064
05065
05066
05069
05070
05071
05072
05073
05074
05075
05076
05077
05078
05079
05080
05081
05082
05085
05087
05089
05090
05091
05092
05093
05094
05097
05098
05099
05100
05101
05102
05104
05106
05107
05108
05109
05110
05111
05113
05115
05116
05119
05121
05122
05123
05124
05125
05126
05127
05129
05130
05131
05133
05135
05138
05139
05140
05142
05143
05144
05145
05149
05151
05152
05153
05154
05155
05156
05160
05161
05163
05164
05165
05166
05167
05168
05170
05171
05172
05174
05175
05176
05177
05178
05180
05182
05183
05184
05185
05191
05195
05196
05198
05201
05202
05204
05206
05207
05208
05210
05214
05216
05217
05218
05219
05220
05224
05227
05228
05230
05233
05235
05236
05237
05238
05239
05247
05248
05249
05251
05253
05256
05257
05258
05259
05260
05261
05262
05263
05264
05266
05269
05270
05272
05274
05276
05278
05279
05280
05281
05282
05283
05285
05286
05288
05290
05291
05292
05293
05294
05295
05297
05298
05299
05300
05301
05302
05303
05304
05305
05307
05308
05310
05311
05312
05313
05314
05319
05320
05324
05325
05327
05328
05329
05332
05333
05336
05337
05338
05339
05341
05342
05343
05348
05349
05350
05351
05352
05353
05354
05356
05357
05358
05359
05360
05361
05362
05363
05364
05365
05366
05367
05368
05371
05374
05375
05376
05377
05379
05380
05381
05384
05385
05386
05388
05391
05392
05393
05395
05398
05399
05401
05404
05406
05407
05408
05410
05412
05413
05414
05415
05416
05418
05419
05421
05422
05423
05424
05425
05427
05428
05429
05430
05434
05435
05436
05437
05438
05439
05440
05441
05442
05443
05444
05445
05448
05449
05450
05453
05454
05456
05458
05462
05463
05464
05465
05466
05467
05468
05469
05470
05471
05472
05474
05475
05476
05478
05481
05482
05484
05486
05487
05489
05491
05492
05493
05494
05497
05500
05501
05502
05503
05504
05506
05507
05509
05510
05511
05512
05513
05516
05517
05518
05519
05522
05523
05524
05527
05528
05529
05531
05532
05533
05534
05536
05537
05540
05541
05542
05544
05545
05546
05547
05548
05549
05550
05553
05554
05555
05556
05557
05558
05559
05561
05562
05565
05567
05569
05570
05571
05574
05576
05577
05578
05579
05581
05582
05583
05585
05586
05588
05590
05591
05592
05594
05595
05596
05597
05598
05599
05600
05601
05603
05604
05605
05606
05607
05611
05612
05613
05614
05615
05619
05620
05622
05623
05624
05625
05629
05630
05631
05632
05634
05635
05636
05637
05638
05639
05640
05641
05644
05646
05647
05648
05650
05652
05653
05654
05656
05657
05659
05660
05661
05662
05663
05664
05665
05666
05668
05669
05670
05671
05672
05673
05675
05676
05681
05682
05683
05684
05685
05686
05688
05689
05691
05692
05693
05694
05695
05697
05698
05699
05701
05704
05707
05708
05710
05711
05712
05714
05716
05717
05718
05721
05722
05723
05724
05727
05729
05732
05733
05734
05735
05737
05739
05740
05741
05742
05743
05744
05745
05746
05748
05749
05750
05751
05753
05754
05755
05756
05757
05758
05759
05760
05761
05762
05763
05764
05768
05769
05771
05773
05775
05777
05778
05781
05782
05783
05784
05785
05786
05787
05788
05790
05791
05794
05795
05796
05797
05799
05800
05801
05804
05806
05807
05808
05812
05814
05815
05816
05817
05819
05821
05822
05823
05824
05829
05830
05831
05833
05834
05835
05836
05837
05838
05840
05844
05845
05847
05848
05849
05850
05852
05853
05854
05855
05857
05859
05860
05861
05862
05864
05865
05866
05867
05868
05870
05872
05873
05876
05877
05878
05879
05880
05881
05883
05884
05888
05889
05890
05892
05893
05894
05895
05896
05898
05899
05900
05902
05903
05904
05905
05906
05907
05908
05909
05910
05914
05916
05918
05920
05921
05923
05924
05925
05926
05927
05928
05931
05932
05934
05935
05937
05938
05940
05942
05943
05945
05946
05947
05948
05949
05951
05952
05954
05955
05956
05958
05960
05961
05962
05963
05965
05966
05967
05969
05970
05971
05974
05977
05978
05979
05981
05982
05983
05984
05985
05986
05987
05988
05989
05990
05992
05993
05994
05995
05996
05997
06000
06001
06002
06003
06006
06007
06008
06009
06011
06013
06014
06015
06016
06017
06018
06020
06021
06022
06023
06026
06027
06028
06029
06030
06031
06032
06033
06034
06037
06038
06039
06040
06041
06042
06045
06046
06047
06048
06049
06050
06051
06052
06053
06054
06055
06056
06057
06058
06059
06060
06061
06064
06065
06066
06067
06069
06070
06071
06072
06073
06074
06075
06076
06077
06079
06081
06083
06084
06088
06089
06091
06092
06093
06095
06096
06097
06098
06100
06101
06102
06103
06104
06105
06106
06107
06108
06109
06110
06113
06114
06115
06117
06118
06119
06120
06123
06124
06125
06126
06127
06128
06130
06131
06133
06134
06135
06137
06139
06142
06145
06146
06147
06149
06150
06151
06152
06154
06155
06157
06158
06159
06160
06161
06163
06164
06165
06166
06168
06170
06171
06173
06174
06175
06176
06177
06178
06179
06181
06183
06184
06185
06187
06188
06190
06191
06193
06194
06195
06197
06199
06200
06201
06202
06203
06205
06206
06207
06208
06209
06210
06212
06213
06214
06215
06216
06217
06220
06221
06226
06227
06228
06229
06232
06234
06235
06237
06239
06241
06243
06244
06245
06246
06250
06251
06252
06253
06254
06255
06257
06258
06259
06261
06262
06264
06265
06266
06267
06268
06269
06270
06274
06277
06278
06279
06280
06281
06282
06283
06284
06285
06286
06287
06288
06290
06291
06292
06293
06294
06295
06296
06297
06298
06299
06301
06302
06303
06304
06305
06306
06308
06310
06311
06312
06314
06315
06317
06319
06320
06321
06323
06324
06326
06327
06328
06330
06333
06335
06336
06337
06341
06342
06343
06344
06347
06348
06349
06350
06352
06353
06354
06355
06356
06357
06358
06359
06360
06362
06363
06364
06366
06367
06368
06370
06371
06372
06373
06376
06378
06379
06380
06381
06382
06384
06385
06388
06389
06390
06392
06393
06394
06395
06396
06397
06398
06399
06400
06401
06402
06403
06404
06405
06406
06407
06408
06409
06411
06413
06414
06416
06418
06419
06420
06421
06422
06423
06424
06426
06428
06429
06430
06432
06433
06434
06436
06438
06439
06440
06441
06442
06444
06445
06446
06447
06449
06451
06452
06454
06455
06457
06460
06461
06462
06464
06465
06466
06467
06469
06470
06471
06473
06474
06475
06476
06478
06480
06482
06483
06484
06485
06486
06487
06488
06489
06491
06492
06494
06495
06496
06497
06498
06499
06501
06502
06503
06504
06505
06506
06507
06509
06511
06513
06514
06515
06516
06517
06518
06519
06520
06521
06523
06524
06525
06527
06528
06529
06530
06531
06532
06534
06535
06537
06539
06540
06542
06544
06546
06547
06549
06552
06553
06554
06555
06556
06557
06558
06559
06560
06561
06565
06566
06567
06568
06569
06571
06572
06573
06574
06575
06576
06578
06579
06581
06583
06584
06585
06587
06588
06589
06590
06591
06592
06594
06595
06596
06597
06599
06600
06601
06602
06603
06604
06605
06607
06608
06609
06610
06611
06612
06613
06614
06615
06616
06617
06619
06620
06621
06623
06625
06626
06629
06631
06632
06633
06635
06636
06638
06640
06641
06642
06643
06644
06645
06646
06647
06648
06651
06654
06655
06656
06659
06661
06662
06663
06664
06665
06666
06667
06668
06670
06672
06673
06674
06675
06676
06677
06678
06679
06680
06681
06682
06683
06684
06687
06689
06692
06694
06695
06696
06697
06698
06700
06703
06704
06705
06706
06708
06709
06710
06711
06712
06713
06716
06717
06722
06724
06725
06727
06728
06729
06730
06731
06734
06735
06736
06737
06739
06740
06741
06742
06744
06745
06746
06747
06749
06751
06752
06753
06756
06758
06759
06762
06763
06765
06766
06767
06768
06769
06770
06771
06773
06775
06776
06777
06779
06780
06781
06783
06784
06785
06789
06790
06791
06792
06793
06794
06795
06796
06799
06800
06802
06805
06807
06808
06809
06810
06812
06813
06815
06816
06821
06822
06823
06824
06825
06827
06828
06829
06830
06831
06832
06833
06834
06835
06836
06839
06840
06841
06842
06843
06845
06846
06847
06848
06850
06852
06853
06854
06855
06856
06857
06858
06859
06860
06861
06863
06864
06865
06866
06869
06872
06873
06875
06876
06877
06878
06880
06881
06884
06885
06887
06888
06889
06890
06892
06893
06894
06895
06896
06897
06898
06900
06902
06904
06905
06906
06907
06908
06909
06910
06911
06913
06915
06916
06918
06919
06920
06922
06923
06925
06926
06927
06929
06930
06931
06932
06935
06936
06937
06938
06940
06941
06944
06945
06946
06947
06948
06949
06950
06951
06952
06954
06955
06957
06958
06960
06961
06962
06963
06964
06966
06968
06969
06970
06971
06973
06974
06975
06976
06977
06978
06979
06980
06981
06982
06984
06985
06987
06988
06989
06990
06991
06992
06993
06996
06997
07000
07001
07002
07004
07005
07007
07008
07009
07010
07011
07012
07015
07016
07018
07020
07021
07022
07024
07025
07026
07027
07029
07030
07033
07034
07035
07038
07041
07042
07043
07044
07045
07046
07047
07048
07049
07050
07053
07054
07055
07056
07057
07058
07059
07061
07062
07063
07064
07066
07067
07071
07072
07073
07075
07078
07080
07081
07083
07084
07085
07086
07087
07088
07090
07092
07094
07095
07096
07098
07099
07100
07103
07104
07105
07106
07107
07108
07109
07110
07111
07113
07114
07115
07116
07117
07118
07121
07122
07124
07125
07126
07128
07129
07130
07131
07132
07133
07134
07135
07137
07141
07143
07146
07147
07148
07151
07152
07154
07156
07159
07160
07161
07164
07165
07166
07168
07169
07171
07172
07173
07174
07175
07176
07178
07179
07181
07182
07183
07184
07185
07187
07188
07190
07191
07192
07193
07194
07195
07196
07197
07198
07199
07200
07201
07202
07204
07205
07206
07207
07208
07209
07210
07213
07216
07218
07219
07221
07223
07224
07225
07226
07227
07229
07233
07234
07235
07236
07238
07240
07242
07244
07245
07247
07248
07250
07251
07252
07253
07254
07256
07258
07260
07261
07262
07263
07265
07270
07271
07272
07273
07276
07277
07280
07281
07282
07284
07285
07286
07287
07288
07289
07290
07291
07293
07294
07295
07296
07299
07300
07301
07304
07306
07307
07308
07309
07310
07312
07313
07314
07315
07316
07317
07319
07320
07322
07323
07324
07325
07326
07327
07330
07332
07333
07334
07336
07337
07338
07339
07340
07344
07345
07348
07349
07352
07358
07359
07360
07361
07362
07364
07365
07366
07367
07368
07371
07372
07373
07374
07375
07377
07379
07380
07383
07388
07389
07390
07391
07393
07394
07396
07398
07399
07403
07404
07406
07407
07408
07409
07410
07411
07412
07413
07415
07417
07418
07419
07420
07421
07422
07424
07426
07428
07432
07435
07437
07438
07439
07440
07441
07446
07448
07450
07453
07455
07456
07457
07459
07461
07462
07465
07466
07468
07469
07471
07474
07475
07476
07477
07479
07480
07481
07485
07486
07487
07488
07489
07490
07491
07494
07495
07496
07497
07498
07500
07502
07504
07505
07506
07507
07508
07509
07510
07511
07512
07514
07517
07518
07519
07520
07521
07522
07523
07526
07530
07532
07535
07536
07537
07538
07539
07541
07542
07543
07544
07545
07546
07548
07549
07550
07551
07553
07554
07558
07560
07561
07562
07564
07565
07566
07567
07568
07569
07570
07571
07572
07573
07574
07576
07579
07582
07584
07585
07586
07587
07588
07591
07592
07593
07594
07595
07596
07597
07599
07600
07602
07604
07605
07606
07607
07608
07609
07612
07613
07614
07615
07616
07618
07619
07621
07624
07627
07628
07629
07630
07631
07632
07633
07635
07636
07639
07640
07641
07642
07643
07644
07646
07648
07649
07650
07651
07652
07653
07654
07659
07660
07661
07662
07663
07665
07668
07669
07673
07674
07675
07677
07678
07680
07681
07682
07683
07684
07685
07686
07687
07688
07689
07690
07692
07694
07697
07698
07699
07701
07702
07703
07705
07706
07707
07708
07710
07711
07712
07713
07714
07715
07716
07718
07719
07721
07722
07723
07724
07725
07726
07730
07732
07733
07734
07735
07736
07737
07738
07739
07740
07741
07742
07743
07744
07745
07746
07749
07750
07751
07752
07755
07759
07761
07762
07763
07765
07766
07767
07769
07770
07771
07772
07773
07774
07776
07777
07778
07779
07782
07784
07785
07786
07787
07788
07790
07791
07792
07794
07795
07796
07801
07802
07804
07805
07807
07808
07809
07810
07811
07812
07813
07814
07815
07817
07818
07822
07823
07824
07825
07830
07831
07833
07834
07835
07836
07837
07839
07840
07841
07842
07844
07845
07846
07847
07848
07849
07851
07852
07853
07854
07855
07856
07857
07858
07859
07860
07862
07863
07864
07865
07866
07868
07870
07871
07872
07873
07874
07875
07876
07877
07878
07881
07883
07884
07885
07886
07889
07891
07893
07894
07896
07898
07899
07900
07901
07903
07904
07905
07906
07907
07908
07909
07910
07913
07914
07915
07916
07917
07919
07920
07921
07923
07924
07925
07926
07927
07928
07929
07930
07931
07934
07935
07936
07937
07938
07940
07941
07942
07943
07945
07947
07948
07949
07951
07952
07953
07954
07956
07957
07958
07959
07960
07961
07962
07963
07964
07966
07967
07968
07969
07971
07973
07977
07979
07980
07982
07983
07984
07987
07989
07990
07992
07993
07994
07995
07996
07997
07998
08000
08001
08002
08003
08004
08005
08006
08008
08009
08010
08011
08012
08013
08014
08015
08016
08017
08019
08021
08022
08023
08024
08025
08026
08029
08032
08034
08035
08037
08040
08042
08044
08045
08046
08047
08048
08049
08053
08054
08056
08060
08061
08062
08064
08065
08066
08068
08069
08070
08071
08073
08074
08076
08080
08081
08082
08083
08084
08085
08087
08088
08091
08094
08096
08100
08101
08102
08103
08105
08107
08109
08110
08112
08117
08118
08119
08120
08121
08123
08124
08125
08126
08128
08129
08132
08133
08134
08139
08141
08142
08143
08145
08146
08147
08148
08149
08150
08151
08152
08154
08155
08156
08157
08158
08159
08161
08164
08166
08167
08170
08171
08174
08175
08176
08177
08179
08184
08185
08187
08189
08191
08192
08193
08194
08195
08196
08197
08198
08199
08203
08205
08206
08207
08208
08210
08211
08212
08214
08215
08217
08218
08219
08220
08222
08223
08227
08228
08229
08230
08231
08232
08234
08236
08238
08239
08241
08243
08244
08246
08247
08248
08249
08250
08251
08252
08253
08254
08255
08256
08257
08258
08259
08260
08261
08262
08263
08264
08265
08266
08267
08269
08270
08273
08274
08276
08278
08279
08280
08283
08285
08286
08287
08290
08291
08292
08293
08294
08295
08297
08298
08299
08300
08301
08302
08303
08305
08308
08309
08311
08314
08315
08316
08317
08320
08323
08325
08326
08328
08330
08331
08332
08333
08334
08336
08337
08338
08339
08340
08341
08343
08345
08349
08350
08352
08354
08356
08358
08360
08361
08362
08363
08364
08365
08366
08367
08369
08372
08374
08376
08377
08378
08379
08380
08381
08383
08384
08387
08391
08392
08393
08395
08397
08398
08399
08400
08401
08402
08403
08404
08405
08406
08407
08408
08409
08410
08411
08413
08416
08417
08418
08419
08420
08421
08422
08424
08425
08426
08429
08431
08432
08433
08435
08437
08438
08439
08442
08443
08444
08445
08446
08448
08449
08450
08454
08455
08457
08458
08459
08460
08461
08462
08464
08465
08466
08469
08470
08471
08472
08473
08474
08475
08476
08479
08480
08481
08482
08484
08486
08487
08489
08494
08496
08497
08499
08501
08502
08504
08505
08506
08507
08508
08509
08510
08511
08512
08514
08515
08516
08517
08518
08519
08520
08521
08523
08525
08530
08531
08532
08533
08534
08536
08538
08539
08540
08541
08543
08547
08548
08553
08555
08556
08557
08559
08560
08561
08563
08565
08566
08567
08568
08570
08574
08575
08576
08577
08578
08580
08582
08583
08585
08588
08589
08591
08593
08594
08597
08598
08601
08602
08603
08604
08606
08608
08610
08611
08613
08614
08615
08618
08620
08621
08622
08624
08625
08626
08627
08628
08629
08630
08631
08633
08634
08635
08636
08637
08644
08647
08649
08650
08651
08652
08653
08654
08655
08658
08659
08662
08663
08664
08666
08667
08670
08671
08673
08674
08675
08676
08678
08679
08681
08682
08683
08686
08687
08688
08690
08691
08692
08693
08695
08696
08698
08699
08700
08702
08704
08705
08706
08707
08708
08712
08713
08715
08716
08717
08719
08721
08722
08723
08726
08727
08728
08729
08730
08731
08732
08733
08734
08736
08737
08738
08739
08740
08741
08742
08744
08745
08746
08748
08750
08751
08752
08753
08755
08757
08758
08759
08761
08762
08763
08764
08765
08766
08767
08768
08770
08771
08772
08774
08775
08776
08777
08778
08779
08780
08781
08784
08785
08789
08790
08791
08792
08796
08798
08799
08800
08802
08804
08805
08806
08807
08809
08811
08812
08814
08815
08817
08818
08819
08820
08821
08823
08825
08828
08829
08831
08832
08833
08834
08835
08836
08837
08838
08839
08840
08842
08843
08844
08846
08848
08849
08850
08851
08853
08854
08855
08856
08857
08858
08859
08860
08862
08863
08864
08865
08866
08867
08869
08871
08872
08873
08874
08875
08876
08877
08878
08879
08880
08881
08882
08883
08884
08886
08888
08890
08892
08893
08894
08895
08896
08897
08899
08901
08903
08905
08907
08909
08910
08912
08914
08916
08917
08918
08919
08920
08921
08922
08923
08924
08926
08927
08929
08931
08932
08934
08935
08936
08939
08940
08941
08942
08943
08944
08945
08947
08948
08949
08950
08951
08953
08954
08955
08957
08958
08962
08964
08965
08966
08967
08968
08969
08970
08971
08972
08974
08975
08977
08978
08979
08980
08982
08983
08984
08985
08986
08987
08988
08989
08991
08992
08993
08995
08996
08997
08998
09002
09004
09005
09006
09007
09008
09010
09012
09013
09015
09016
09018
09019
09022
09023
09024
09025
09026
09027
09028
09029
09031
09032
09033
09034
09036
09038
09040
09041
09042
09044
09045
09046
09047
09051
09052
09055
09056
09057
09059
09060
09062
09063
09064
09067
09068
09069
09071
09072
09074
09075
09077
09080
09081
09082
09083
09084
09087
09088
09089
09091
09092
09093
09094
09096
09099
09100
09101
09103
09104
09106
09108
09109
09111
09112
09113
09114
09115
09120
09122
09124
09125
09126
09127
09128
09129
09130
09131
09132
09133
09135
09136
09137
09140
09141
09142
09143
09147
09148
09150
09151
09152
09153
09154
09155
09157
09158
09161
09162
09163
09165
09166
09167
09168
09169
09170
09171
09175
09176
09177
09178
09179
09182
09183
09184
09185
09186
09188
09190
09191
09192
09193
09195
09199
09201
09202
09203
09205
09206
09207
09208
09212
09213
09215
09216
09217
09218
09219
09220
09221
09222
09223
09224
09225
09226
09228
09229
09231
09232
09233
09235
09236
09237
09238
09241
09243
09244
09245
09246
09249
09250
09251
09252
09253
09255
09257
09258
09259
09260
09261
09263
09264
09265
09267
09268
09270
09272
09273
09274
09275
09276
09277
09278
09279
09281
09283
09284
09286
09288
09290
09291
09292
09294
09295
09296
09297
09298
09299
09300
09302
09303
09304
09307
09308
09309
09310
09311
09312
09313
09315
09316
09317
09318
09320
09321
09322
09323
09324
09325
09326
09327
09330
09331
09333
09335
09336
09337
09338
09339
09340
09341
09342
09344
09346
09347
09348
09350
09353
09355
09356
09357
09358
09359
09362
09363
09364
09365
09371
09373
09374
09375
09376
09377
09379
09380
09381
09382
09383
09385
09386
09387
09389
09391
09393
09394
09397
09398
09400
09401
09402
09406
09408
09409
09410
09411
09413
09415
09416
09418
09420
09421
09423
09424
09426
09428
09429
09431
09432
09433
09435
09436
09437
09438
09439
09440
09441
09443
09444
09445
09446
09448
09449
09451
09452
09453
09454
09455
09456
09457
09460
09462
09463
09464
09465
09466
09468
09469
09470
09471
09472
09473
09475
09477
09478
09479
09481
09483
09484
09486
09488
09489
09492
09495
09496
09498
09499
09502
09503
09504
09507
09508
09509
09510
09511
09512
09513
09514
09517
09518
09519
09520
09521
09522
09525
09526
09527
09528
09529
09530
09531
09534
09535
09536
09537
09540
09541
09542
09548
09549
09550
09551
09552
09553
09554
09555
09556
09557
09559
09560
09561
09562
09563
09566
09567
09568
09570
09571
09573
09574
09575
09577
09578
09580
09582
09583
09584
09585
09586
09587
09588
09591
09593
09594
09596
09598
09599
09600
09603
09604
09605
09606
09607
09608
09609
09610
09613
09614
09616
09617
09618
09619
09621
09622
09623
09624
09625
09626
09630
09631
09632
09633
09634
09635
09636
09638
09639
09640
09642
09643
09647
09649
09650
09651
09653
09655
09657
09658
09659
09661
09662
09664
09665
09666
09667
09668
09671
09672
09673
09674
09675
09676
09677
09678
09679
09681
09682
09685
09689
09690
09693
09694
09696
09697
09698
09699
09704
09705
09706
09707
09708
09709
09711
09715
09716
09717
09718
09720
09721
09723
09724
09725
09726
09728
09729
09730
09731
09732
09733
09736
09737
09738
09740
09741
09742
09743
09744
09745
09746
09747
09748
09752
09753
09754
09755
09758
09759
09760
09761
09762
09764
09766
09770
09772
09774
09775
09776
09777
09780
09781
09782
09783
09784
09786
09787
09788
09789
09791
09792
09793
09794
09795
09797
09798
09799
09800
09801
09802
09803
09804
09806
09807
09811
09813
09814
09815
09816
09818
09820
09821
09822
09824
09825
09826
09827
09829
09831
09832
09833
09834
09835
09836
09837
09838
09840
09841
09843
09844
09845
09846
09847
09850
09851
09852
09853
09854
09856
09857
09858
09859
09861
09862
09863
09865
09866
09868
09870
09871
09872
09876
09878
09879
09880
09882
09884
09885
09888
09889
09891
09892
09893
09895
09896
09897
09898
09899
09901
09902
09903
09904
09905
09907
09911
09912
09913
09914
09915
09917
09919
09920
09921
09922
09924
09925
09928
09929
09930
09931
09932
09933
09935
09936
09937
09939
09940
09941
09943
09945
09946
09947
09948
09949
09950
09951
09952
09953
09954
09955
09956
09959
09960
09961
09962
09964
09965
09966
09967
09969
09971
09972
09973
09976
09978
09979
09980
09981
09982
09983
09984
09986
09987
09988
09989
09990
09991
09992
09993
09994
09995
09996
09997
09998
10000
